[0.479797, 0.197505, 0.74] 0
[-0.33710720209179174, -0.20105919590324797, 0.74] 1.0615292070582136
[-0.16252689468620862, 0.18335475859201145, 0.74] 3.0773349705514788
[-0.3420340072844459, -0.008715056165727098, 0.74] 2.5916404670963167
[-0.3880365636378383, -0.05789767160430068, 0.74] 2.4874354130006577
[0.6122125457958592, -0.18024243246618632, 0.74] 3.30990956567399
[0.3606758261479941, -0.1727491230560968, 0.74] 3.5993115366691466
[0.3856076068779315, 0.12716315043308846, 0.74] 2.336568501348989
[0.12251389570199223, 0.22919684443773658, 0.74] 4.21898572073144
[0.255937262011382, -0.19110087248417681, 0.74] 2.107724174726902
[0.31032367008376616, 0.21590144767945912, 0.74] 2.0226146026377307
[0.5400302879081971, 0.0047202793615895855, 0.74] 1.2346294641289526
[0.16080416962818367, -0.13042636728437237, 0.74] 2.2723847189754234
[-0.5920906727425606, -0.05030582953763785, 0.74] 3.529455643086535
[0.2458575570296102, -0.24828301154157945, 0.74] 5.685280141252439
[-0.23805519307296852, -0.1967105196502244, 0.74] 4.384115685688109
[-0.13449138827832968, 0.0531025317703796, 0.74] 6.273835340372722
[0.14302095147381277, 0.2571658461970544, 0.74] 4.694944184277474
[0.3258192027993002, -0.1715725523120315, 0.74] 1.4016475947377331
[0.5526958812437943, 0.04632915125095349, 0.74] 0.19402800273445506
[-0.5758113989506598, -0.04275789413365694, 0.74] 1.7200929246979548
[0.5911729258686926, -0.20057216815145185, 0.74] 0.15870432751313845
[0.11497891647725922, 0.04772318168724843, 0.74] 6.090686080985768
[-0.003857926543643253, -0.05294789569897951, 0.74] 1.9845952471334447
[0.07157738822065551, 0.05565304821940226, 0.74] 5.115245689019717
[-0.35345980175927105, -0.08846960300997192, 0.74] 1.6023302493028315
[-0.41533729924862994, 0.25035775916720304, 0.74] 1.140019782414391
[-0.14028598350719013, -0.22487552631559013, 0.74] 5.4481140339096825
[0.18924237277407496, -0.2686453082185967, 0.74] 4.672368393264323
[-0.1375822816303247, -0.08513019528022314, 0.74] 3.587999877042658
[0.5059000032289596, 0.058669038937108786, 0.74] 2.3583453871168536
[0.23638316038285634, 0.2016986061026949, 0.74] 2.559959370652666
[-0.6122857471185573, -0.1404280683461556, 0.74] 6.109359189135794
[0.14086298219040239, -0.2309002812453103, 0.74] 5.7362955432109075
[-0.14014080756418568, -0.06860646311124827, 0.74] 5.911115880442721
[0.5109038372820502, -0.047175904590211454, 0.74] 0.5808111343659101
[0.308882827398846, 0.09932628635257423, 0.74] 0.6417946770324263
[0.29555204496815246, -0.1412814171749485, 0.74] 2.6052981321313977
[-0.00034561747191053094, -0.10590021511498007, 0.74] 4.477023209671175
[-0.13109275681206234, -0.24179642672064855, 0.74] 5.2215762086954385
[-0.25830063691959604, -0.0531544646425674, 0.74] 1.5710644326137477
[-0.4626091111944791, -0.09434335186964465, 0.74] 2.9639769881451916
[-0.12945337441664584, -0.06440791249814826, 0.74] 0.41847898216313206
[-0.13485216930347554, 0.08573442924966457, 0.74] 1.6975420166216357
[0.5398535711520416, 0.1496214685960811, 0.74] 4.540936746900417
[0.49909254865180563, 0.11531725435542384, 0.74] 1.100383096533369
[-0.5154976539638387, 0.1910311239033674, 0.74] 0.5520920321475179
[-0.3411383515887485, 0.1665803713310291, 0.74] 4.972391681955394
[-0.1324817988598101, 0.17441060260803287, 0.74] 0.22812485907239902
[-0.5230332264824442, 0.018376245596815333, 0.74] 3.0891401910903795
[-0.2929822682312655, -0.0854707861546635, 0.74] 4.5857384364764675
[-0.13677030971733284, -0.01199316725287064, 0.74] 5.513045490268289
[-0.22692546991150075, 0.066688509512634, 0.74] 2.127777776141508
[0.5484119291034801, 0.07326354845919592, 0.74] 3.3673133869130436
[0.5991316081303333, -0.18358077246846338, 0.74] 1.0370432512326446
[-0.08070390004946026, -0.18755791364770413, 0.74] 0.2843037935871396
[0.09585292245372257, -0.26247816711839955, 0.74] 1.5582120597435827
[0.6140409983138986, -0.2195712532146859, 0.74] 5.830505336894965
[-0.46840973350467857, 0.11879447901484846, 0.74] 0.5262349449476357
[-0.17925355211829586, -0.24200016384252201, 0.74] 4.605151255532406
[0.12750772978909142, -0.203880319019235, 0.74] 6.051636459704256
[0.05696869172113417, -0.043376145467158234, 0.74] 1.66367999119038
[-0.41871065114444705, -0.007841223263140185, 0.74] 1.301873923100821
[-0.2996501022516099, 0.05758788083948685, 0.74] 5.5668866298363495
[-0.3805506252291202, 0.13846493162402085, 0.74] 1.7756553748670967
[0.17968814705560454, -0.1869215031708577, 0.74] 4.941087265133896
[-0.33794797653972186, 0.02649920039031789, 0.74] 5.311313638215705
[-0.5861222324905733, 0.26407941692861836, 0.74] 3.8307927709636567
[0.10062895629922475, 0.09061213169667898, 0.74] 3.3714161973368086
[0.3724481426198254, -0.2496025462522018, 0.74] 2.912887010223199
[-0.1937882507033606, -0.17038332872840412, 0.74] 4.533638892199433
[0.5088554908818415, -0.04785776478161574, 0.74] 0.012148908680852288
[0.20375057703398647, 0.16771743484767798, 0.74] 4.917132388209191
[0.47656868461935353, -0.19119127763152777, 0.74] 5.986592522773786
[-0.5202025643506137, -0.21464569910456185, 0.74] 2.2991107945949465
[-0.06707356810280951, 0.07461515216921216, 0.74] 1.818636680717674
[-0.0868469208265803, 0.1482965322034433, 0.74] 1.905045503800445
[-0.5291846247282455, 0.21355809098681378, 0.74] 1.2664775736852665
[0.46093362055487863, 0.24523261379360173, 0.74] 5.822059788021278
[-0.605646230190935, -0.23506329255707425, 0.74] 1.4077949446723992
[-0.32924789210123234, -0.1539132580519656, 0.74] 0.7225952550353035
[0.5450208786601509, 0.16473049463218903, 0.74] 5.7152569517338705
[-0.4017308916279928, -0.2504923169745586, 0.74] 5.303613895902851
[0.3700154617615191, -0.10440236195970876, 0.74] 3.6259500465383545
[0.5870462134386938, 0.13988019313317884, 0.74] 2.41994259398743
[-0.38259398280942647, 0.19538844600693744, 0.74] 6.261192837061221
[-0.3477249440718515, -0.060849012618373666, 0.74] 6.233527783984387
[0.2685292353025317, -0.001357478301698134, 0.74] 2.197888760753927
[-0.6223738974604367, 0.1910204413889568, 0.74] 4.750111414265183
[0.19915326848616455, -0.14171404966809328, 0.74] 2.0609993243129088
[0.1105276981078176, -0.0050688861331839585, 0.74] 0.050467344086204444
[0.24902523482238925, 0.08971883671889902, 0.74] 5.395981748866377
[0.0029419323283920162, -0.2635580649977261, 0.74] 6.280411911623942
[0.40073186195308264, -0.1499380603332684, 0.74] 5.365019473297758
[-0.010573243205746041, -0.23053847254669285, 0.74] 4.891272823445736
[0.20350452703010902, 0.008049686957193325, 0.74] 0.17484913830875382
[0.2911354488670025, -0.11518425079629685, 0.74] 1.388196986925053
[-0.5180513888521783, 0.2434787788990309, 0.74] 1.7297046098044768
[-0.4004020650182267, 0.22706272901072955, 0.74] 3.1929015554785267
[0.173407993892581, 0.2575347594195829, 0.74] 5.130338092005657
[-0.18717312910197226, -0.04761769794258175, 0.74] 5.308810024834929
[0.5098149386278528, -0.06456725678202035, 0.74] 5.7707412879049205
[-0.07748066773110185, 0.1898500511628417, 0.74] 4.722234696081206
[-0.3402395186262551, -0.0954062974866389, 0.74] 4.8626946659120645
[0.35620394570049285, 0.20034306352470888, 0.74] 6.0791692680913
[0.5142539287171852, 0.19148689860309726, 0.74] 3.8613268514079184
