[0.557056, -0.172102, 0.74] 0
[0.0853811069988506, 0.07450114239438538, 0.74] 0.5438476706472485
[0.02139876642185845, 0.10166558816894505, 0.74] 2.4590709636849426
[-0.17881112781752723, -0.02735678588850582, 0.74] 4.344176227697243
[0.4112751528727774, -0.07557545234971358, 0.74] 0.8452996475663518
[-0.36148284724872015, 0.14096932019573932, 0.74] 1.8269338535934172
[0.25290710433741403, -0.2581060449836108, 0.74] 0.7525374323760763
[0.6238429586755114, 0.24789571342566952, 0.74] 1.8060344944220101
[0.4196431267080125, -0.09843339022313025, 0.74] 4.198132428380359
[-0.4926140944874575, -0.14933276575760643, 0.74] 2.4437785056029124
[-0.23640979121944472, 0.07608913196982031, 0.74] 2.8369748535142754
[0.2901681824039949, 0.25555448957049043, 0.74] 3.2350594220394533
[0.05166571837286249, 0.08379609940657873, 0.74] 6.168824731948037
[-0.45494504205536024, 0.26668645282186976, 0.74] 3.1778296227985545
[-0.3052856557671736, -0.16954124151089822, 0.74] 0.15415491722152458
[0.49678561842861346, -0.2665316667389132, 0.74] 1.0510999429124142
[-0.4745629493330991, 0.18424273300476213, 0.74] 1.8164233385247963
[0.08547137633370006, -0.08653051365155096, 0.74] 1.771976281608203
[-0.5633478792348339, 0.1508970370579487, 0.74] 3.368438700566238
[0.3360958092601346, 0.2249014874382005, 0.74] 4.8364076378869205
[0.46567253052510105, 0.1086268876896907, 0.74] 4.026681477307821
[-0.4253242664274255, -0.07598696247802675, 0.74] 2.8036115619947517
[0.341995048242256, 0.11099845823227006, 0.74] 6.012562787936838
[-0.3326892565944588, -0.23122202414142495, 0.74] 0.318921288570345
[-0.28334027758115177, -0.09228032934424218, 0.74] 0.0724782981617535
[-0.15283929225663517, -0.10881954085192319, 0.74] 3.3494248371269313
[-0.3480021555863927, 0.0409236731401475, 0.74] 2.605227309096698
[0.04031967767363143, -0.23788613479450169, 0.74] 2.3311330979136247
[-0.3084834238551858, -0.005907071143003095, 0.74] 0.7566081872203652
[0.2176628038224543, 0.043014439465877186, 0.74] 3.9078678537849174
[-0.0710720571625233, 0.15196375200215279, 0.74] 2.1500132896100985
[0.012900802558183155, -0.10738173727738562, 0.74] 2.1132599810183716
[0.2983675332373309, -0.2674020121617359, 0.74] 1.1032494645487707
[-0.431597787213186, -0.24242704371555884, 0.74] 3.2904161349312
[0.4011858987564987, 0.20844667196539252, 0.74] 6.214444519795297
[0.4642471451313175, 0.2014011970408433, 0.74] 2.971323247618673
[-0.1575981397681926, -0.00932472721641131, 0.74] 3.9973306902745653
[0.4756617106041141, -0.02936969930091035, 0.74] 6.0826797425824415
[0.45709129743798216, 0.1923381948694377, 0.74] 1.7580700637155977
[-0.41755444076273657, -0.1056795529695505, 0.74] 2.4696269682727268
[0.4933798820918849, -0.2429549278173856, 0.74] 4.954629617854187
[0.6076761382388804, 0.12083525523501748, 0.74] 5.367784059827832
[-0.29847152247712494, 0.2679029697664219, 0.74] 4.338260049786504
[-0.07012429261162989, -0.19120534343519796, 0.74] 0.19258546053833092
[-0.30819979653556234, 0.2665880211461442, 0.74] 1.7971060060793878
[-0.31877210460918876, 0.07473004620005591, 0.74] 0.21091588194733252
[-0.2770346935451572, 0.10600673001141164, 0.74] 2.0753299072346785
[-0.36352757118606804, 0.12981534706799552, 0.74] 3.412715512275998
[0.5689669772610859, 0.0091467861308282, 0.74] 5.732686634644567
[-0.41734674702817487, -0.15715454392563893, 0.74] 2.723283514217686
[-0.4560872753605004, 0.07803277267755188, 0.74] 0.827161331975354
[0.45405992817286034, -0.009216254570959204, 0.74] 2.0887917232651443
[-0.5846655222695083, -0.2557104523283851, 0.74] 5.546023500633888
[0.5863125396794073, 0.2729356208218289, 0.74] 0.29699076005930436
[-0.07815408756860587, -0.269089038292373, 0.74] 5.751841829179466
[-0.15411607820647333, 0.16408724212004416, 0.74] 4.245448680517702
[-0.19489356840536431, 0.08513238164671649, 0.74] 0.14685915008293673
[-0.3181185601344788, 0.10372552625502357, 0.74] 2.1995678366523905
[-0.17555934268566692, 0.051917810720585544, 0.74] 3.8311573636328853
[-0.5523190452323492, 0.23668757513105054, 0.74] 3.6595667371223475
[0.10884063497868313, 0.22875416240320756, 0.74] 0.1287553794560916
[0.32521709655994746, -0.27161466338421586, 0.74] 3.2319458407332293
[0.3433352098549257, -0.16703119848044384, 0.74] 5.951262698133045
[-0.27935614358937255, 0.13980777839950131, 0.74] 4.338662868491387
[0.3648472136374772, -0.05022336581386627, 0.74] 2.302905284075255
[0.49987015445886773, -0.12856406934081882, 0.74] 6.251299048580091
[-0.3937108520440603, -0.2610727769603472, 0.74] 2.460106303428862
[0.38409167188192805, -0.16179505857924287, 0.74] 4.237554639214276
[-0.5990761336620931, 0.0017320597344547828, 0.74] 4.696384927129006
[0.5843576044029808, -0.22302013289782546, 0.74] 2.7238132753558473
[0.38132312870070106, -0.2207904617651743, 0.74] 2.47532480017258
[0.5733911539195153, -0.03151678651933795, 0.74] 6.267237857893122
[-0.1723347131135622, -0.1731113428918042, 0.74] 2.1117796626437166
[0.27593306613292734, -0.27457902799792216, 0.74] 0.963040140905754
[0.5402755950649474, -0.24758989990062363, 0.74] 3.0656426509164425
[0.5168701328335301, 0.2718192343846486, 0.74] 0.9540003786969844
[-0.03716384201231271, 0.04094810666938492, 0.74] 2.8540945152356643
[0.0852940827631885, -0.21704802376058707, 0.74] 4.399072666772262
[0.1756683660213194, 0.04540420980574966, 0.74] 3.119238328747852
[-0.30761858853252566, 0.16555893558433038, 0.74] 2.8060776429045067
[0.5651447407732109, 0.17598940627305493, 0.74] 1.7262195346768874
[0.00863177404072557, -0.05182749966654121, 0.74] 2.2915795844045483
[-0.46960332770248914, -0.27133600169245586, 0.74] 1.592572418386868
[0.3173442784738133, 0.12961094989902522, 0.74] 4.474837676774126
[-0.10898586437205704, -0.004774733944398646, 0.74] 4.104170224556907
[0.22817133256496525, 0.15774183915834966, 0.74] 0.8368297557718167
[-0.07660473186960481, 0.12302757551319565, 0.74] 5.563428796720416
[0.4411645236466035, -0.24363895372586888, 0.74] 5.874979644983008
[-0.2909780673493766, -0.23590147154163735, 0.74] 5.01064435315364
[0.19097789304120039, 0.20747603702283846, 0.74] 2.872919528465895
[0.2732079443701697, -0.04933338084810662, 0.74] 2.6559467252028477
[0.2157511199030443, 0.17213883203061286, 0.74] 2.059421191287627
[-0.03283748278177956, -0.03134479499506307, 0.74] 6.193536849664916
[-0.4149192610581943, -0.27118394920254957, 0.74] 4.308364943306296
[-0.5277007004014517, 0.24567056917074903, 0.74] 2.6191752928150165
[-0.3444748051727181, -0.038621165341052505, 0.74] 2.7260897203701733
[-0.5836466043389832, 0.014341471704150288, 0.74] 1.7946472808781773
[0.47642128310954623, -0.16408678424995252, 0.74] 3.01354327760545
[0.15418746751937773, 0.27052439696015373, 0.74] 2.171446014105814
[-0.1415696594808612, -0.14806352002316206, 0.74] 2.0145631347536597
[0.5075379179947821, 0.0654800062293131, 0.74] 3.064328825976997
[0.3991627709244163, -0.26963516380773483, 0.74] 5.5688245640307334
[-0.11450765455427137, -0.2013415384261396, 0.74] 5.912958129706067
[0.43486144313658626, 0.031020820495380796, 0.74] 3.6176268613005322
[0.5222915066287601, 0.037700011235233255, 0.74] 5.35717611363135
[0.06171674503532287, 0.06711366504683625, 0.74] 1.135007774911146
