[0.244328, 0.115274, 0.74] 0
[0.484294736343601, 0.020356860433462076, 0.74] 2.8917344509345297
[-0.2345390310533707, -0.14245616490626484, 0.74] 0.8763459037552063
[-0.30722959814022427, 0.11537736952158512, 0.74] 4.50419806914435
[0.6116219973881742, 0.13974942412897562, 0.74] 2.6973466863365347
[0.1647259662847118, -0.04991655202781095, 0.74] 5.219287417320277
[-0.09881012578847237, 0.1264936369606598, 0.74] 5.263959008804831
[0.45468209457122155, 0.1801168916477402, 0.74] 0.8835938010616314
[0.13320784524229978, 0.06447167718707203, 0.74] 4.784801423049352
[0.5513322403777683, 0.1416093518672738, 0.74] 0.5396289868447589
[-0.3996607361234843, -0.08287166135890148, 0.74] 3.645047245161978
[-0.29548317453591544, 0.17084494158918984, 0.74] 3.799188047752271
[0.3205706818270886, -0.013158808447578607, 0.74] 3.0002296499826437
[-0.4090121917517653, -0.18979907239509855, 0.74] 5.312987945889892
[-0.05749217151031283, -0.15043576621891158, 0.74] 2.2325708352795934
[0.21252283715544773, -0.17924192552911666, 0.74] 4.586466917904681
[-0.27115337762864566, -0.02523710970861459, 0.74] 2.4093522790997146
[-0.0010644380817637078, 0.06624108085550146, 0.74] 4.823365131604209
[0.08750865573929023, -0.09231762396869714, 0.74] 3.071994118038863
[0.38953784269964586, -0.09044337219551997, 0.74] 4.5071050092911795
[-0.5642492333558585, 0.10326914084149896, 0.74] 2.994665447522225
[-0.27697476117201203, 0.08015094707203241, 0.74] 0.6559346901299689
[-0.3945003033455463, -0.037362609827697485, 0.74] 2.3391665904393886
[-0.2494745053617876, -0.18085421295373905, 0.74] 4.435422283806651
[0.3593894852689301, -0.08357309402778257, 0.74] 2.195686939714845
[0.27293243042584636, -0.07066053154394511, 0.74] 2.786968394750791
[-0.5409354649402407, 0.016759543384458453, 0.74] 0.7646835918794685
[-0.36438941487173526, 0.1437419810321396, 0.74] 6.108363588784657
[0.1820801616030856, -0.07006815890024623, 0.74] 4.042193120980635
[0.4956014173469412, -0.18117084771170366, 0.74] 5.3317711904759095
[-0.4103248404293544, -0.19331441691706786, 0.74] 2.947112848728138
[-0.20185276287401188, -0.07621243537375727, 0.74] 4.8911595404317465
[-0.4017067894230991, -0.17577417894654745, 0.74] 4.148063308368374
[-0.3224276196556942, -0.16243507426257153, 0.74] 4.275088442902239
[-0.16683060696851104, 0.09570678687074607, 0.74] 0.8125056662785605
[0.11959295865188113, 0.0008089106007894142, 0.74] 2.672632606524165
[0.42458640797185665, -0.04877908409858481, 0.74] 2.870852934577208
[-0.26775895722095944, 0.09876431012453663, 0.74] 5.411830598680912
[0.34852976727331897, 0.07986375930077189, 0.74] 0.08905757106561678
[-0.30404681340561723, 0.02220898216280695, 0.74] 2.694813508139195
[-0.4442153054455068, -0.1761579795214277, 0.74] 2.695507076627336
[-0.20676229857871375, 0.01188196012708978, 0.74] 1.94753070386924
[0.011935196470921117, -0.01645174232322341, 0.74] 4.342534489676052
[0.2710823220300608, 0.10090382059924385, 0.74] 0.2236817920579004
[-0.6063881095764239, -0.04190817692941423, 0.74] 5.220230654683933
[-0.18341973444793147, 0.0011686971066005025, 0.74] 1.1821688238392019
[0.021637753861918907, 0.17066576417908552, 0.74] 1.4679275276490846
[-0.04847793946324974, -0.12698687505135026, 0.74] 2.096167548203059
[-0.3777719432390267, 0.07508049073569817, 0.74] 4.422161719089034
[-0.2533390568773035, 0.08109944698791188, 0.74] 1.6977199675252768
[-0.6222330701514966, 0.1868167856499684, 0.74] 6.207739846138787
[-0.04479381451508291, 0.12421119371172135, 0.74] 1.8632901902725454
[0.46821944300804264, -0.07691036066550212, 0.74] 2.5381178347216737
[0.5989394461576165, 0.07287687218314715, 0.74] 1.3651773232563376
[-0.24811543628052446, 0.11676554074294615, 0.74] 5.639762981894314
[0.2852598613622268, -0.11328410376511036, 0.74] 0.3294612581479745
[-0.5075519478136026, -0.09347215222717545, 0.74] 4.799952505743249
[-0.06237426876631258, -0.15284423195178745, 0.74] 0.16449857042200727
[0.018217936979261107, -0.026725339397521447, 0.74] 5.339573887307522
[-0.2557676196965559, -0.10857188464136597, 0.74] 3.8209011014497714
[0.2399446315578455, -0.17286882980129403, 0.74] 5.355703693964463
[-0.2845149935803615, -0.1201134756411193, 0.74] 3.269244712652044
[-0.3782740197141071, 0.10341603371005775, 0.74] 5.0629679840716815
[0.4570143674893865, 0.13101478559297158, 0.74] 2.7144349496052707
[0.607010823177969, 0.12299861677142204, 0.74] 3.4295936156663926
[0.04889564756406917, -0.13848743381786638, 0.74] 2.505120163687656
[-0.33779146353831846, -0.08046008916874703, 0.74] 2.0118591273314377
[-0.29092878609146344, 0.1540534245496618, 0.74] 2.0423219840367466
[0.3136130636341359, -0.06284517089433242, 0.74] 4.490571786905528
[0.18106473407263945, -0.08359331175669099, 0.74] 2.299683181043863
[-0.16042047028748352, -0.13987397748402985, 0.74] 4.042009480467555
[0.10809966661853188, -0.12843474850932846, 0.74] 5.898924283209616
[-0.18290084147823016, 0.03377451006487653, 0.74] 4.219543644102476
[-0.2033205264042176, -0.1362029740275853, 0.74] 1.839820477716746
[0.28767195398991263, 0.12012372792591192, 0.74] 2.0770324926088355
[0.0020342623428097895, -0.024942637627493408, 0.74] 1.6485652007219884
[0.23024550035504276, -0.044658554383194465, 0.74] 4.3248985074929385
[-0.27176041746732926, 0.15111523299586965, 0.74] 1.4376924648941871
[0.08150128201802598, -0.14545721224866895, 0.74] 3.3361110227984296
[-0.24688567910763792, 0.19673378153692367, 0.74] 5.855657235897786
[0.31633587803354, 0.010304916646220519, 0.74] 1.9426191845943113
[-0.1868730284511445, 0.0628993540033349, 0.74] 3.8454727662476014
[0.2838391531209641, -0.15984585143445848, 0.74] 3.4674961727787843
[0.1999572857195543, -0.18243857023323773, 0.74] 3.628997196371044
[0.43221701673942103, -0.161868621835071, 0.74] 0.6856184005022676
[0.392301400633446, -0.18658728907916866, 0.74] 6.045505496498246
[0.5445595385042263, -0.1964465481805749, 0.74] 0.6347437333831663
[0.5796053894483784, -0.08486777866935508, 0.74] 4.152429398936752
[-0.38629936615854815, -0.012886242559375816, 0.74] 0.7374534445635508
[-0.2832895931182384, -0.010814931427101604, 0.74] 3.1258356461860295
[0.45935329458898977, 0.02426250187577378, 0.74] 0.9475286698339414
[-0.012481471502501118, 0.0911653757735349, 0.74] 2.8728092375080356
[-0.6187925234000778, -0.045068820218563344, 0.74] 4.575096969173015
[-0.22146634558178102, -0.05532004283402739, 0.74] 1.5889814959554773
[0.36550670214293746, -0.1259023738850379, 0.74] 5.3509002226570495
[-0.39018603607508096, -0.039655052573774136, 0.74] 4.322261247717215
[0.00644624072267308, 0.0435918545677218, 0.74] 0.872706876147172
[-0.02224395978501681, -0.0012712158436844478, 0.74] 0.14395891452165804
[0.1537524579907007, -0.042807667395622584, 0.74] 1.5402718937470783
[-0.32258207604027433, 0.08036307287114453, 0.74] 2.6826754849691703
[0.12444580903183333, -0.15551013865066016, 0.74] 3.556430417113376
[-0.05925701561100849, 0.09491244379269459, 0.74] 5.754413801811941
[0.0473737022177777, 0.1349160256827569, 0.74] 5.80812182442408
[-0.5737905271218902, 0.0016201721742664932, 0.74] 1.1699034545980418
[0.0335168079446686, 0.06339118225810708, 0.74] 5.683988057791188
[0.24394572921213165, 0.09702108206263882, 0.74] 0.13192078585197964
